{
 "cells": [
  {
   "cell_type": "code",
   "execution_count": 1,
   "id": "714ed3c9",
   "metadata": {},
   "outputs": [],
   "source": [
    "import pandas as pd\n",
    "import numpy as np\n",
    "from matplotlib import pyplot as plt\n",
    "import seaborn as sns"
   ]
  },
  {
   "cell_type": "code",
   "execution_count": 2,
   "id": "e40b061d",
   "metadata": {},
   "outputs": [],
   "source": [
    "features_t0 = [\"E2\", \"E3\", \"M1\", \"M9\", \"M11\", \"M13\", \"P2\", \"P5\", \"P8\", \"P10\", \"P11\", \"S2\", \"S3\", \"S8\", \"V7\", \"V9\", \"V10\"]\n",
    "features_t1 = features_t0 + [\"E19\", \"M12\", \"S5\", \"V13\"]"
   ]
  },
  {
   "cell_type": "code",
   "execution_count": 3,
   "id": "1df835bb",
   "metadata": {},
   "outputs": [],
   "source": [
    "f_ic_ir = pd.read_pickle(\"Analysis/ic_ir_overall.pkl\")"
   ]
  },
  {
   "cell_type": "code",
   "execution_count": 4,
   "id": "1a12822c",
   "metadata": {},
   "outputs": [],
   "source": [
    "features_t0 = f_ic_ir.droplevel(0).loc[features_t0].abs().sort_values(by=(\"Rank IR\", 1), ascending=False).index.tolist()\n",
    "features_t1 = f_ic_ir.droplevel(0).loc[features_t1].abs().sort_values(by=(\"Rank IR\", 1), ascending=False).index.tolist()"
   ]
  },
  {
   "cell_type": "code",
   "execution_count": 5,
   "id": "811b2cc2",
   "metadata": {},
   "outputs": [],
   "source": [
    "f_corr = pd.read_pickle(\"Analysis/f_corr_overall.pkl\")\n",
    "f_rank_corr = pd.read_pickle(\"Analysis/f_rank_corr_overall.pkl\")"
   ]
  },
  {
   "cell_type": "code",
   "execution_count": 6,
   "id": "4474e222",
   "metadata": {},
   "outputs": [
    {
     "data": {
      "text/html": [
       "<div>\n",
       "<style scoped>\n",
       "    .dataframe tbody tr th:only-of-type {\n",
       "        vertical-align: middle;\n",
       "    }\n",
       "\n",
       "    .dataframe tbody tr th {\n",
       "        vertical-align: top;\n",
       "    }\n",
       "\n",
       "    .dataframe thead th {\n",
       "        text-align: right;\n",
       "    }\n",
       "</style>\n",
       "<table border=\"1\" class=\"dataframe\">\n",
       "  <thead>\n",
       "    <tr style=\"text-align: right;\">\n",
       "      <th>Feature</th>\n",
       "      <th>E2</th>\n",
       "      <th>E3</th>\n",
       "      <th>P11</th>\n",
       "      <th>P2</th>\n",
       "      <th>P10</th>\n",
       "      <th>M9</th>\n",
       "      <th>S8</th>\n",
       "      <th>M1</th>\n",
       "      <th>M11</th>\n",
       "      <th>M13</th>\n",
       "      <th>P8</th>\n",
       "      <th>P5</th>\n",
       "      <th>V9</th>\n",
       "      <th>V7</th>\n",
       "      <th>V10</th>\n",
       "      <th>S2</th>\n",
       "      <th>S3</th>\n",
       "    </tr>\n",
       "    <tr>\n",
       "      <th>Feature</th>\n",
       "      <th></th>\n",
       "      <th></th>\n",
       "      <th></th>\n",
       "      <th></th>\n",
       "      <th></th>\n",
       "      <th></th>\n",
       "      <th></th>\n",
       "      <th></th>\n",
       "      <th></th>\n",
       "      <th></th>\n",
       "      <th></th>\n",
       "      <th></th>\n",
       "      <th></th>\n",
       "      <th></th>\n",
       "      <th></th>\n",
       "      <th></th>\n",
       "      <th></th>\n",
       "    </tr>\n",
       "  </thead>\n",
       "  <tbody>\n",
       "    <tr>\n",
       "      <th>E2</th>\n",
       "      <td>1.0</td>\n",
       "      <td>0.992693</td>\n",
       "      <td>0.98427</td>\n",
       "      <td>-0.979744</td>\n",
       "      <td>0.763076</td>\n",
       "      <td>0.794303</td>\n",
       "      <td>0.771948</td>\n",
       "      <td>-0.748829</td>\n",
       "      <td>-0.710476</td>\n",
       "      <td>-0.520784</td>\n",
       "      <td>0.639024</td>\n",
       "      <td>0.501852</td>\n",
       "      <td>-0.674922</td>\n",
       "      <td>-0.665581</td>\n",
       "      <td>-0.683601</td>\n",
       "      <td>0.60228</td>\n",
       "      <td>0.572745</td>\n",
       "    </tr>\n",
       "    <tr>\n",
       "      <th>E3</th>\n",
       "      <td>0.992693</td>\n",
       "      <td>1.0</td>\n",
       "      <td>0.984191</td>\n",
       "      <td>-0.970783</td>\n",
       "      <td>0.789224</td>\n",
       "      <td>0.766686</td>\n",
       "      <td>0.781316</td>\n",
       "      <td>-0.756635</td>\n",
       "      <td>-0.681982</td>\n",
       "      <td>-0.554388</td>\n",
       "      <td>0.664761</td>\n",
       "      <td>0.503476</td>\n",
       "      <td>-0.698605</td>\n",
       "      <td>-0.689424</td>\n",
       "      <td>-0.706638</td>\n",
       "      <td>0.604655</td>\n",
       "      <td>0.577328</td>\n",
       "    </tr>\n",
       "    <tr>\n",
       "      <th>P11</th>\n",
       "      <td>0.98427</td>\n",
       "      <td>0.984191</td>\n",
       "      <td>1.0</td>\n",
       "      <td>-0.974023</td>\n",
       "      <td>0.786494</td>\n",
       "      <td>0.80441</td>\n",
       "      <td>0.80224</td>\n",
       "      <td>-0.792293</td>\n",
       "      <td>-0.718514</td>\n",
       "      <td>-0.556812</td>\n",
       "      <td>0.656467</td>\n",
       "      <td>0.528828</td>\n",
       "      <td>-0.712706</td>\n",
       "      <td>-0.704669</td>\n",
       "      <td>-0.720317</td>\n",
       "      <td>0.639888</td>\n",
       "      <td>0.603758</td>\n",
       "    </tr>\n",
       "    <tr>\n",
       "      <th>P2</th>\n",
       "      <td>-0.979744</td>\n",
       "      <td>-0.970783</td>\n",
       "      <td>-0.974023</td>\n",
       "      <td>1.0</td>\n",
       "      <td>-0.762391</td>\n",
       "      <td>-0.796362</td>\n",
       "      <td>-0.761557</td>\n",
       "      <td>0.750439</td>\n",
       "      <td>0.712285</td>\n",
       "      <td>0.521496</td>\n",
       "      <td>-0.62902</td>\n",
       "      <td>-0.48574</td>\n",
       "      <td>0.680707</td>\n",
       "      <td>0.669794</td>\n",
       "      <td>0.689739</td>\n",
       "      <td>-0.599067</td>\n",
       "      <td>-0.567894</td>\n",
       "    </tr>\n",
       "    <tr>\n",
       "      <th>P10</th>\n",
       "      <td>0.763076</td>\n",
       "      <td>0.789224</td>\n",
       "      <td>0.786494</td>\n",
       "      <td>-0.762391</td>\n",
       "      <td>1.0</td>\n",
       "      <td>0.601078</td>\n",
       "      <td>0.677952</td>\n",
       "      <td>-0.724354</td>\n",
       "      <td>-0.541801</td>\n",
       "      <td>-0.559032</td>\n",
       "      <td>0.754973</td>\n",
       "      <td>0.470786</td>\n",
       "      <td>-0.708112</td>\n",
       "      <td>-0.703022</td>\n",
       "      <td>-0.710738</td>\n",
       "      <td>0.555417</td>\n",
       "      <td>0.543227</td>\n",
       "    </tr>\n",
       "    <tr>\n",
       "      <th>M9</th>\n",
       "      <td>0.794303</td>\n",
       "      <td>0.766686</td>\n",
       "      <td>0.80441</td>\n",
       "      <td>-0.796362</td>\n",
       "      <td>0.601078</td>\n",
       "      <td>1.0</td>\n",
       "      <td>0.651842</td>\n",
       "      <td>-0.682228</td>\n",
       "      <td>-0.781919</td>\n",
       "      <td>-0.391054</td>\n",
       "      <td>0.493327</td>\n",
       "      <td>0.408257</td>\n",
       "      <td>-0.561263</td>\n",
       "      <td>-0.557469</td>\n",
       "      <td>-0.562504</td>\n",
       "      <td>0.526035</td>\n",
       "      <td>0.54882</td>\n",
       "    </tr>\n",
       "    <tr>\n",
       "      <th>S8</th>\n",
       "      <td>0.771948</td>\n",
       "      <td>0.781316</td>\n",
       "      <td>0.80224</td>\n",
       "      <td>-0.761557</td>\n",
       "      <td>0.677952</td>\n",
       "      <td>0.651842</td>\n",
       "      <td>1.0</td>\n",
       "      <td>-0.717891</td>\n",
       "      <td>-0.696505</td>\n",
       "      <td>-0.613215</td>\n",
       "      <td>0.464576</td>\n",
       "      <td>0.484371</td>\n",
       "      <td>-0.654349</td>\n",
       "      <td>-0.628996</td>\n",
       "      <td>-0.66758</td>\n",
       "      <td>0.816281</td>\n",
       "      <td>0.78389</td>\n",
       "    </tr>\n",
       "    <tr>\n",
       "      <th>M1</th>\n",
       "      <td>-0.748829</td>\n",
       "      <td>-0.756635</td>\n",
       "      <td>-0.792293</td>\n",
       "      <td>0.750439</td>\n",
       "      <td>-0.724354</td>\n",
       "      <td>-0.682228</td>\n",
       "      <td>-0.717891</td>\n",
       "      <td>1.0</td>\n",
       "      <td>0.584983</td>\n",
       "      <td>0.60582</td>\n",
       "      <td>-0.637972</td>\n",
       "      <td>-0.46357</td>\n",
       "      <td>0.829915</td>\n",
       "      <td>0.825458</td>\n",
       "      <td>0.819999</td>\n",
       "      <td>-0.646274</td>\n",
       "      <td>-0.607959</td>\n",
       "    </tr>\n",
       "    <tr>\n",
       "      <th>M11</th>\n",
       "      <td>-0.710476</td>\n",
       "      <td>-0.681982</td>\n",
       "      <td>-0.718514</td>\n",
       "      <td>0.712285</td>\n",
       "      <td>-0.541801</td>\n",
       "      <td>-0.781919</td>\n",
       "      <td>-0.696505</td>\n",
       "      <td>0.584983</td>\n",
       "      <td>1.0</td>\n",
       "      <td>0.425249</td>\n",
       "      <td>-0.404431</td>\n",
       "      <td>-0.46786</td>\n",
       "      <td>0.492722</td>\n",
       "      <td>0.480207</td>\n",
       "      <td>0.498917</td>\n",
       "      <td>-0.575842</td>\n",
       "      <td>-0.522599</td>\n",
       "    </tr>\n",
       "    <tr>\n",
       "      <th>M13</th>\n",
       "      <td>-0.520784</td>\n",
       "      <td>-0.554388</td>\n",
       "      <td>-0.556812</td>\n",
       "      <td>0.521496</td>\n",
       "      <td>-0.559032</td>\n",
       "      <td>-0.391054</td>\n",
       "      <td>-0.613215</td>\n",
       "      <td>0.60582</td>\n",
       "      <td>0.425249</td>\n",
       "      <td>1.0</td>\n",
       "      <td>-0.434001</td>\n",
       "      <td>-0.376176</td>\n",
       "      <td>0.681753</td>\n",
       "      <td>0.611632</td>\n",
       "      <td>0.73147</td>\n",
       "      <td>-0.479902</td>\n",
       "      <td>-0.394849</td>\n",
       "    </tr>\n",
       "    <tr>\n",
       "      <th>P8</th>\n",
       "      <td>0.639024</td>\n",
       "      <td>0.664761</td>\n",
       "      <td>0.656467</td>\n",
       "      <td>-0.62902</td>\n",
       "      <td>0.754973</td>\n",
       "      <td>0.493327</td>\n",
       "      <td>0.464576</td>\n",
       "      <td>-0.637972</td>\n",
       "      <td>-0.404431</td>\n",
       "      <td>-0.434001</td>\n",
       "      <td>1.0</td>\n",
       "      <td>0.367746</td>\n",
       "      <td>-0.643796</td>\n",
       "      <td>-0.638716</td>\n",
       "      <td>-0.634301</td>\n",
       "      <td>0.371657</td>\n",
       "      <td>0.355206</td>\n",
       "    </tr>\n",
       "    <tr>\n",
       "      <th>P5</th>\n",
       "      <td>0.501852</td>\n",
       "      <td>0.503476</td>\n",
       "      <td>0.528828</td>\n",
       "      <td>-0.48574</td>\n",
       "      <td>0.470786</td>\n",
       "      <td>0.408257</td>\n",
       "      <td>0.484371</td>\n",
       "      <td>-0.46357</td>\n",
       "      <td>-0.46786</td>\n",
       "      <td>-0.376176</td>\n",
       "      <td>0.367746</td>\n",
       "      <td>1.0</td>\n",
       "      <td>-0.456269</td>\n",
       "      <td>-0.449734</td>\n",
       "      <td>-0.454247</td>\n",
       "      <td>0.509695</td>\n",
       "      <td>0.410005</td>\n",
       "    </tr>\n",
       "    <tr>\n",
       "      <th>V9</th>\n",
       "      <td>-0.674922</td>\n",
       "      <td>-0.698605</td>\n",
       "      <td>-0.712706</td>\n",
       "      <td>0.680707</td>\n",
       "      <td>-0.708112</td>\n",
       "      <td>-0.561263</td>\n",
       "      <td>-0.654349</td>\n",
       "      <td>0.829915</td>\n",
       "      <td>0.492722</td>\n",
       "      <td>0.681753</td>\n",
       "      <td>-0.643796</td>\n",
       "      <td>-0.456269</td>\n",
       "      <td>1.0</td>\n",
       "      <td>0.972869</td>\n",
       "      <td>0.985093</td>\n",
       "      <td>-0.62088</td>\n",
       "      <td>-0.544337</td>\n",
       "    </tr>\n",
       "    <tr>\n",
       "      <th>V7</th>\n",
       "      <td>-0.665581</td>\n",
       "      <td>-0.689424</td>\n",
       "      <td>-0.704669</td>\n",
       "      <td>0.669794</td>\n",
       "      <td>-0.703022</td>\n",
       "      <td>-0.557469</td>\n",
       "      <td>-0.628996</td>\n",
       "      <td>0.825458</td>\n",
       "      <td>0.480207</td>\n",
       "      <td>0.611632</td>\n",
       "      <td>-0.638716</td>\n",
       "      <td>-0.449734</td>\n",
       "      <td>0.972869</td>\n",
       "      <td>1.0</td>\n",
       "      <td>0.934735</td>\n",
       "      <td>-0.619196</td>\n",
       "      <td>-0.555806</td>\n",
       "    </tr>\n",
       "    <tr>\n",
       "      <th>V10</th>\n",
       "      <td>-0.683601</td>\n",
       "      <td>-0.706638</td>\n",
       "      <td>-0.720317</td>\n",
       "      <td>0.689739</td>\n",
       "      <td>-0.710738</td>\n",
       "      <td>-0.562504</td>\n",
       "      <td>-0.66758</td>\n",
       "      <td>0.819999</td>\n",
       "      <td>0.498917</td>\n",
       "      <td>0.73147</td>\n",
       "      <td>-0.634301</td>\n",
       "      <td>-0.454247</td>\n",
       "      <td>0.985093</td>\n",
       "      <td>0.934735</td>\n",
       "      <td>1.0</td>\n",
       "      <td>-0.605691</td>\n",
       "      <td>-0.52217</td>\n",
       "    </tr>\n",
       "    <tr>\n",
       "      <th>S2</th>\n",
       "      <td>0.60228</td>\n",
       "      <td>0.604655</td>\n",
       "      <td>0.639888</td>\n",
       "      <td>-0.599067</td>\n",
       "      <td>0.555417</td>\n",
       "      <td>0.526035</td>\n",
       "      <td>0.816281</td>\n",
       "      <td>-0.646274</td>\n",
       "      <td>-0.575842</td>\n",
       "      <td>-0.479902</td>\n",
       "      <td>0.371657</td>\n",
       "      <td>0.509695</td>\n",
       "      <td>-0.62088</td>\n",
       "      <td>-0.619196</td>\n",
       "      <td>-0.605691</td>\n",
       "      <td>1.0</td>\n",
       "      <td>0.810284</td>\n",
       "    </tr>\n",
       "    <tr>\n",
       "      <th>S3</th>\n",
       "      <td>0.572745</td>\n",
       "      <td>0.577328</td>\n",
       "      <td>0.603758</td>\n",
       "      <td>-0.567894</td>\n",
       "      <td>0.543227</td>\n",
       "      <td>0.54882</td>\n",
       "      <td>0.78389</td>\n",
       "      <td>-0.607959</td>\n",
       "      <td>-0.522599</td>\n",
       "      <td>-0.394849</td>\n",
       "      <td>0.355206</td>\n",
       "      <td>0.410005</td>\n",
       "      <td>-0.544337</td>\n",
       "      <td>-0.555806</td>\n",
       "      <td>-0.52217</td>\n",
       "      <td>0.810284</td>\n",
       "      <td>1.0</td>\n",
       "    </tr>\n",
       "  </tbody>\n",
       "</table>\n",
       "</div>"
      ],
      "text/plain": [
       "Feature        E2        E3       P11        P2       P10        M9        S8  \\\n",
       "Feature                                                                         \n",
       "E2            1.0  0.992693   0.98427 -0.979744  0.763076  0.794303  0.771948   \n",
       "E3       0.992693       1.0  0.984191 -0.970783  0.789224  0.766686  0.781316   \n",
       "P11       0.98427  0.984191       1.0 -0.974023  0.786494   0.80441   0.80224   \n",
       "P2      -0.979744 -0.970783 -0.974023       1.0 -0.762391 -0.796362 -0.761557   \n",
       "P10      0.763076  0.789224  0.786494 -0.762391       1.0  0.601078  0.677952   \n",
       "M9       0.794303  0.766686   0.80441 -0.796362  0.601078       1.0  0.651842   \n",
       "S8       0.771948  0.781316   0.80224 -0.761557  0.677952  0.651842       1.0   \n",
       "M1      -0.748829 -0.756635 -0.792293  0.750439 -0.724354 -0.682228 -0.717891   \n",
       "M11     -0.710476 -0.681982 -0.718514  0.712285 -0.541801 -0.781919 -0.696505   \n",
       "M13     -0.520784 -0.554388 -0.556812  0.521496 -0.559032 -0.391054 -0.613215   \n",
       "P8       0.639024  0.664761  0.656467  -0.62902  0.754973  0.493327  0.464576   \n",
       "P5       0.501852  0.503476  0.528828  -0.48574  0.470786  0.408257  0.484371   \n",
       "V9      -0.674922 -0.698605 -0.712706  0.680707 -0.708112 -0.561263 -0.654349   \n",
       "V7      -0.665581 -0.689424 -0.704669  0.669794 -0.703022 -0.557469 -0.628996   \n",
       "V10     -0.683601 -0.706638 -0.720317  0.689739 -0.710738 -0.562504  -0.66758   \n",
       "S2        0.60228  0.604655  0.639888 -0.599067  0.555417  0.526035  0.816281   \n",
       "S3       0.572745  0.577328  0.603758 -0.567894  0.543227   0.54882   0.78389   \n",
       "\n",
       "Feature        M1       M11       M13        P8        P5        V9        V7  \\\n",
       "Feature                                                                         \n",
       "E2      -0.748829 -0.710476 -0.520784  0.639024  0.501852 -0.674922 -0.665581   \n",
       "E3      -0.756635 -0.681982 -0.554388  0.664761  0.503476 -0.698605 -0.689424   \n",
       "P11     -0.792293 -0.718514 -0.556812  0.656467  0.528828 -0.712706 -0.704669   \n",
       "P2       0.750439  0.712285  0.521496  -0.62902  -0.48574  0.680707  0.669794   \n",
       "P10     -0.724354 -0.541801 -0.559032  0.754973  0.470786 -0.708112 -0.703022   \n",
       "M9      -0.682228 -0.781919 -0.391054  0.493327  0.408257 -0.561263 -0.557469   \n",
       "S8      -0.717891 -0.696505 -0.613215  0.464576  0.484371 -0.654349 -0.628996   \n",
       "M1            1.0  0.584983   0.60582 -0.637972  -0.46357  0.829915  0.825458   \n",
       "M11      0.584983       1.0  0.425249 -0.404431  -0.46786  0.492722  0.480207   \n",
       "M13       0.60582  0.425249       1.0 -0.434001 -0.376176  0.681753  0.611632   \n",
       "P8      -0.637972 -0.404431 -0.434001       1.0  0.367746 -0.643796 -0.638716   \n",
       "P5       -0.46357  -0.46786 -0.376176  0.367746       1.0 -0.456269 -0.449734   \n",
       "V9       0.829915  0.492722  0.681753 -0.643796 -0.456269       1.0  0.972869   \n",
       "V7       0.825458  0.480207  0.611632 -0.638716 -0.449734  0.972869       1.0   \n",
       "V10      0.819999  0.498917   0.73147 -0.634301 -0.454247  0.985093  0.934735   \n",
       "S2      -0.646274 -0.575842 -0.479902  0.371657  0.509695  -0.62088 -0.619196   \n",
       "S3      -0.607959 -0.522599 -0.394849  0.355206  0.410005 -0.544337 -0.555806   \n",
       "\n",
       "Feature       V10        S2        S3  \n",
       "Feature                                \n",
       "E2      -0.683601   0.60228  0.572745  \n",
       "E3      -0.706638  0.604655  0.577328  \n",
       "P11     -0.720317  0.639888  0.603758  \n",
       "P2       0.689739 -0.599067 -0.567894  \n",
       "P10     -0.710738  0.555417  0.543227  \n",
       "M9      -0.562504  0.526035   0.54882  \n",
       "S8       -0.66758  0.816281   0.78389  \n",
       "M1       0.819999 -0.646274 -0.607959  \n",
       "M11      0.498917 -0.575842 -0.522599  \n",
       "M13       0.73147 -0.479902 -0.394849  \n",
       "P8      -0.634301  0.371657  0.355206  \n",
       "P5      -0.454247  0.509695  0.410005  \n",
       "V9       0.985093  -0.62088 -0.544337  \n",
       "V7       0.934735 -0.619196 -0.555806  \n",
       "V10           1.0 -0.605691  -0.52217  \n",
       "S2      -0.605691       1.0  0.810284  \n",
       "S3       -0.52217  0.810284       1.0  "
      ]
     },
     "execution_count": 6,
     "metadata": {},
     "output_type": "execute_result"
    }
   ],
   "source": [
    "f_corr.droplevel(0).droplevel(0, axis=1).loc[features_t0, features_t0]"
   ]
  },
  {
   "cell_type": "code",
   "execution_count": 7,
   "id": "d3a7bd4f",
   "metadata": {},
   "outputs": [],
   "source": [
    "f_corr_t0 = f_corr.droplevel(0).droplevel(0, axis=1).loc[features_t0, features_t0]\n",
    "f_corr_t1 = f_corr.droplevel(0).droplevel(0, axis=1).loc[features_t1, features_t1]"
   ]
  },
  {
   "cell_type": "code",
   "execution_count": 8,
   "id": "49ef83db",
   "metadata": {},
   "outputs": [
    {
     "data": {
